
 Iteration: 1
 0.0000 0.0000 0.0000 0.0000 0.0000 0.0000 0.0000 0.0000 0.0000
 0.0000 0.0113 0.0209 0.0273 0.0295 0.0273 0.0209 0.0113 0.0000
 0.0000 0.0209 0.0386 0.0504 0.0545 0.0504 0.0386 0.0209 0.0000
 0.0000 0.0273 0.0504 0.0658 0.0712 0.0658 0.0504 0.0273 0.0000
 0.0000 0.0295 0.0545 0.0712 0.0771 0.0712 0.0545 0.0295 0.0000
 0.0000 0.0273 0.0504 0.0658 0.0712 0.0658 0.0504 0.0273 0.0000
 0.0000 0.0209 0.0386 0.0504 0.0545 0.0504 0.0386 0.0209 0.0000
 0.0000 0.0113 0.0209 0.0273 0.0295 0.0273 0.0209 0.0113 0.0000
 0.0000 0.0000 0.0000 0.0000 0.0000 0.0000 0.0000 0.0000 0.0000

 Iteration: 2
 0.0000 0.0000 0.0000 0.0000 0.0000 0.0000 0.0000 0.0000 0.0000
 0.0000 0.0217 0.0401 0.0524 0.0568 0.0524 0.0401 0.0217 0.0000
 0.0000 0.0401 0.0742 0.0969 0.1049 0.0969 0.0742 0.0401 0.0000
 0.0000 0.0524 0.0969 0.1266 0.1371 0.1266 0.0969 0.0524 0.0000
 0.0000 0.0568 0.1049 0.1371 0.1483 0.1371 0.1049 0.0568 0.0000
 0.0000 0.0524 0.0969 0.1266 0.1371 0.1266 0.0969 0.0524 0.0000
 0.0000 0.0401 0.0742 0.0969 0.1049 0.0969 0.0742 0.0401 0.0000
 0.0000 0.0217 0.0401 0.0524 0.0568 0.0524 0.0401 0.0217 0.0000
 0.0000 0.0000 0.0000 0.0000 0.0000 0.0000 0.0000 0.0000 0.0000

 Iteration: 3
 0.0000 0.0000 0.0000 0.0000 0.0000 0.0000 0.0000 0.0000 0.0000
 0.0000 0.0314 0.0580 0.0757 0.0820 0.0757 0.0580 0.0314 0.0000
 0.0000 0.0580 0.1071 0.1399 0.1514 0.1399 0.1071 0.0580 0.0000
 0.0000 0.0757 0.1399 0.1828 0.1979 0.1828 0.1399 0.0757 0.0000
 0.0000 0.0820 0.1514 0.1979 0.2142 0.1979 0.1514 0.0820 0.0000
 0.0000 0.0757 0.1399 0.1828 0.1979 0.1828 0.1399 0.0757 0.0000
 0.0000 0.0580 0.1071 0.1399 0.1514 0.1399 0.1071 0.0580 0.0000
 0.0000 0.0314 0.0580 0.0757 0.0820 0.0757 0.0580 0.0314 0.0000
 0.0000 0.0000 0.0000 0.0000 0.0000 0.0000 0.0000 0.0000 0.0000

 Iteration: 4
 0.0000 0.0000 0.0000 0.0000 0.0000 0.0000 0.0000 0.0000 0.0000
 0.0000 0.0403 0.0744 0.0972 0.1052 0.0972 0.0744 0.0403 0.0000
 0.0000 0.0744 0.1375 0.1796 0.1944 0.1796 0.1375 0.0744 0.0000
 0.0000 0.0972 0.1796 0.2347 0.2540 0.2347 0.1796 0.0972 0.0000
 0.0000 0.1052 0.1944 0.2540 0.2750 0.2540 0.1944 0.1052 0.0000
 0.0000 0.0972 0.1796 0.2347 0.2540 0.2347 0.1796 0.0972 0.0000
 0.0000 0.0744 0.1375 0.1796 0.1944 0.1796 0.1375 0.0744 0.0000
 0.0000 0.0403 0.0744 0.0972 0.1052 0.0972 0.0744 0.0403 0.0000
 0.0000 0.0000 0.0000 0.0000 0.0000 0.0000 0.0000 0.0000 0.0000

 Iteration: 5
 0.0000 0.0000 0.0000 0.0000 0.0000 0.0000 0.0000 0.0000 0.0000
 0.0000 0.0485 0.0896 0.1171 0.1267 0.1171 0.0896 0.0485 0.0000
 0.0000 0.0896 0.1656 0.2163 0.2341 0.2163 0.1656 0.0896 0.0000
 0.0000 0.1171 0.2163 0.2826 0.3059 0.2826 0.2163 0.1171 0.0000
 0.0000 0.1267 0.2341 0.3059 0.3311 0.3059 0.2341 0.1267 0.0000
 0.0000 0.1171 0.2163 0.2826 0.3059 0.2826 0.2163 0.1171 0.0000
 0.0000 0.0896 0.1656 0.2163 0.2341 0.2163 0.1656 0.0896 0.0000
 0.0000 0.0485 0.0896 0.1171 0.1267 0.1171 0.0896 0.0485 0.0000
 0.0000 0.0000 0.0000 0.0000 0.0000 0.0000 0.0000 0.0000 0.0000

 Iteration: 6
 0.0000 0.0000 0.0000 0.0000 0.0000 0.0000 0.0000 0.0000 0.0000
 0.0000 0.0561 0.1036 0.1354 0.1466 0.1354 0.1036 0.0561 0.0000
 0.0000 0.1036 0.1915 0.2502 0.2708 0.2502 0.1915 0.1036 0.0000
 0.0000 0.1354 0.2502 0.3269 0.3539 0.3269 0.2502 0.1354 0.0000
 0.0000 0.1466 0.2708 0.3539 0.3830 0.3539 0.2708 0.1466 0.0000
 0.0000 0.1354 0.2502 0.3269 0.3539 0.3269 0.2502 0.1354 0.0000
 0.0000 0.1036 0.1915 0.2502 0.2708 0.2502 0.1915 0.1036 0.0000
 0.0000 0.0561 0.1036 0.1354 0.1466 0.1354 0.1036 0.0561 0.0000
 0.0000 0.0000 0.0000 0.0000 0.0000 0.0000 0.0000 0.0000 0.0000

 Iteration: 7
 0.0000 0.0000 0.0000 0.0000 0.0000 0.0000 0.0000 0.0000 0.0000
 0.0000 0.0631 0.1166 0.1524 0.1649 0.1524 0.1166 0.0631 0.0000
 0.0000 0.1166 0.2155 0.2816 0.3048 0.2816 0.2155 0.1166 0.0000
 0.0000 0.1524 0.2816 0.3679 0.3982 0.3679 0.2816 0.1524 0.0000
 0.0000 0.1649 0.3048 0.3982 0.4310 0.3982 0.3048 0.1649 0.0000
 0.0000 0.1524 0.2816 0.3679 0.3982 0.3679 0.2816 0.1524 0.0000
 0.0000 0.1166 0.2155 0.2816 0.3048 0.2816 0.2155 0.1166 0.0000
 0.0000 0.0631 0.1166 0.1524 0.1649 0.1524 0.1166 0.0631 0.0000
 0.0000 0.0000 0.0000 0.0000 0.0000 0.0000 0.0000 0.0000 0.0000

 Iteration: 8
 0.0000 0.0000 0.0000 0.0000 0.0000 0.0000 0.0000 0.0000 0.0000
 0.0000 0.0696 0.1286 0.1680 0.1819 0.1680 0.1286 0.0696 0.0000
 0.0000 0.1286 0.2376 0.3105 0.3361 0.3105 0.2376 0.1286 0.0000
 0.0000 0.1680 0.3105 0.4057 0.4391 0.4057 0.3105 0.1680 0.0000
 0.0000 0.1819 0.3361 0.4391 0.4753 0.4391 0.3361 0.1819 0.0000
 0.0000 0.1680 0.3105 0.4057 0.4391 0.4057 0.3105 0.1680 0.0000
 0.0000 0.1286 0.2376 0.3105 0.3361 0.3105 0.2376 0.1286 0.0000
 0.0000 0.0696 0.1286 0.1680 0.1819 0.1680 0.1286 0.0696 0.0000
 0.0000 0.0000 0.0000 0.0000 0.0000 0.0000 0.0000 0.0000 0.0000

 Iteration: 9
 0.0000 0.0000 0.0000 0.0000 0.0000 0.0000 0.0000 0.0000 0.0000
 0.0000 0.0756 0.1397 0.1825 0.1975 0.1825 0.1397 0.0756 0.0000
 0.0000 0.1397 0.2581 0.3372 0.3650 0.3372 0.2581 0.1397 0.0000
 0.0000 0.1825 0.3372 0.4406 0.4769 0.4406 0.3372 0.1825 0.0000
 0.0000 0.1975 0.3650 0.4769 0.5162 0.4769 0.3650 0.1975 0.0000
 0.0000 0.1825 0.3372 0.4406 0.4769 0.4406 0.3372 0.1825 0.0000
 0.0000 0.1397 0.2581 0.3372 0.3650 0.3372 0.2581 0.1397 0.0000
 0.0000 0.0756 0.1397 0.1825 0.1975 0.1825 0.1397 0.0756 0.0000
 0.0000 0.0000 0.0000 0.0000 0.0000 0.0000 0.0000 0.0000 0.0000

 Iteration: 10
 0.0000 0.0000 0.0000 0.0000 0.0000 0.0000 0.0000 0.0000 0.0000
 0.0000 0.0811 0.1499 0.1959 0.2120 0.1959 0.1499 0.0811 0.0000
 0.0000 0.1499 0.2770 0.3619 0.3918 0.3619 0.2770 0.1499 0.0000
 0.0000 0.1959 0.3619 0.4729 0.5119 0.4729 0.3619 0.1959 0.0000
 0.0000 0.2120 0.3918 0.5119 0.5540 0.5119 0.3918 0.2120 0.0000
 0.0000 0.1959 0.3619 0.4729 0.5119 0.4729 0.3619 0.1959 0.0000
 0.0000 0.1499 0.2770 0.3619 0.3918 0.3619 0.2770 0.1499 0.0000
 0.0000 0.0811 0.1499 0.1959 0.2120 0.1959 0.1499 0.0811 0.0000
 0.0000 0.0000 0.0000 0.0000 0.0000 0.0000 0.0000 0.0000 0.0000

 Iteration: 11
 0.0000 0.0000 0.0000 0.0000 0.0000 0.0000 0.0000 0.0000 0.0000
 0.0000 0.0863 0.1594 0.2082 0.2254 0.2082 0.1594 0.0863 0.0000
 0.0000 0.1594 0.2945 0.3848 0.4165 0.3848 0.2945 0.1594 0.0000
 0.0000 0.2082 0.3848 0.5027 0.5441 0.5027 0.3848 0.2082 0.0000
 0.0000 0.2254 0.4165 0.5441 0.5890 0.5441 0.4165 0.2254 0.0000
 0.0000 0.2082 0.3848 0.5027 0.5441 0.5027 0.3848 0.2082 0.0000
 0.0000 0.1594 0.2945 0.3848 0.4165 0.3848 0.2945 0.1594 0.0000
 0.0000 0.0863 0.1594 0.2082 0.2254 0.2082 0.1594 0.0863 0.0000
 0.0000 0.0000 0.0000 0.0000 0.0000 0.0000 0.0000 0.0000 0.0000

 Iteration: 12
 0.0000 0.0000 0.0000 0.0000 0.0000 0.0000 0.0000 0.0000 0.0000
 0.0000 0.0910 0.1681 0.2196 0.2377 0.2196 0.1681 0.0910 0.0000
 0.0000 0.1681 0.3106 0.4058 0.4393 0.4058 0.3106 0.1681 0.0000
 0.0000 0.2196 0.4058 0.5303 0.5739 0.5303 0.4058 0.2196 0.0000
 0.0000 0.2377 0.4393 0.5739 0.6212 0.5739 0.4393 0.2377 0.0000
 0.0000 0.2196 0.4058 0.5303 0.5739 0.5303 0.4058 0.2196 0.0000
 0.0000 0.1681 0.3106 0.4058 0.4393 0.4058 0.3106 0.1681 0.0000
 0.0000 0.0910 0.1681 0.2196 0.2377 0.2196 0.1681 0.0910 0.0000
 0.0000 0.0000 0.0000 0.0000 0.0000 0.0000 0.0000 0.0000 0.0000

 Iteration: 13
 0.0000 0.0000 0.0000 0.0000 0.0000 0.0000 0.0000 0.0000 0.0000
 0.0000 0.0953 0.1762 0.2302 0.2491 0.2302 0.1762 0.0953 0.0000
 0.0000 0.1762 0.3255 0.4253 0.4604 0.4253 0.3255 0.1762 0.0000
 0.0000 0.2302 0.4253 0.5557 0.6015 0.5557 0.4253 0.2302 0.0000
 0.0000 0.2491 0.4604 0.6015 0.6511 0.6015 0.4604 0.2491 0.0000
 0.0000 0.2302 0.4253 0.5557 0.6015 0.5557 0.4253 0.2302 0.0000
 0.0000 0.1762 0.3255 0.4253 0.4604 0.4253 0.3255 0.1762 0.0000
 0.0000 0.0953 0.1762 0.2302 0.2491 0.2302 0.1762 0.0953 0.0000
 0.0000 0.0000 0.0000 0.0000 0.0000 0.0000 0.0000 0.0000 0.0000

 Iteration: 14
 0.0000 0.0000 0.0000 0.0000 0.0000 0.0000 0.0000 0.0000 0.0000
 0.0000 0.0994 0.1836 0.2399 0.2597 0.2399 0.1836 0.0994 0.0000
 0.0000 0.1836 0.3393 0.4433 0.4798 0.4433 0.3393 0.1836 0.0000
 0.0000 0.2399 0.4433 0.5792 0.6269 0.5792 0.4433 0.2399 0.0000
 0.0000 0.2597 0.4798 0.6269 0.6786 0.6269 0.4798 0.2597 0.0000
 0.0000 0.2399 0.4433 0.5792 0.6269 0.5792 0.4433 0.2399 0.0000
 0.0000 0.1836 0.3393 0.4433 0.4798 0.4433 0.3393 0.1836 0.0000
 0.0000 0.0994 0.1836 0.2399 0.2597 0.2399 0.1836 0.0994 0.0000
 0.0000 0.0000 0.0000 0.0000 0.0000 0.0000 0.0000 0.0000 0.0000

 Iteration: 15
 0.0000 0.0000 0.0000 0.0000 0.0000 0.0000 0.0000 0.0000 0.0000
 0.0000 0.1031 0.1905 0.2489 0.2694 0.2489 0.1905 0.1031 0.0000
 0.0000 0.1905 0.3520 0.4599 0.4978 0.4599 0.3520 0.1905 0.0000
 0.0000 0.2489 0.4599 0.6009 0.6505 0.6009 0.4599 0.2489 0.0000
 0.0000 0.2694 0.4978 0.6505 0.7041 0.6505 0.4978 0.2694 0.0000
 0.0000 0.2489 0.4599 0.6009 0.6505 0.6009 0.4599 0.2489 0.0000
 0.0000 0.1905 0.3520 0.4599 0.4978 0.4599 0.3520 0.1905 0.0000
 0.0000 0.1031 0.1905 0.2489 0.2694 0.2489 0.1905 0.1031 0.0000
 0.0000 0.0000 0.0000 0.0000 0.0000 0.0000 0.0000 0.0000 0.0000

 Iteration: 16
 0.0000 0.0000 0.0000 0.0000 0.0000 0.0000 0.0000 0.0000 0.0000
 0.0000 0.1065 0.1969 0.2572 0.2784 0.2572 0.1969 0.1065 0.0000
 0.0000 0.1969 0.3638 0.4753 0.5145 0.4753 0.3638 0.1969 0.0000
 0.0000 0.2572 0.4753 0.6210 0.6722 0.6210 0.4753 0.2572 0.0000
 0.0000 0.2784 0.5145 0.6722 0.7276 0.6722 0.5145 0.2784 0.0000
 0.0000 0.2572 0.4753 0.6210 0.6722 0.6210 0.4753 0.2572 0.0000
 0.0000 0.1969 0.3638 0.4753 0.5145 0.4753 0.3638 0.1969 0.0000
 0.0000 0.1065 0.1969 0.2572 0.2784 0.2572 0.1969 0.1065 0.0000
 0.0000 0.0000 0.0000 0.0000 0.0000 0.0000 0.0000 0.0000 0.0000

 Iteration: 17
 0.0000 0.0000 0.0000 0.0000 0.0000 0.0000 0.0000 0.0000 0.0000
 0.0000 0.1097 0.2028 0.2649 0.2867 0.2649 0.2028 0.1097 0.0000
 0.0000 0.2028 0.3746 0.4895 0.5298 0.4895 0.3746 0.2028 0.0000
 0.0000 0.2649 0.4895 0.6396 0.6923 0.6396 0.4895 0.2649 0.0000
 0.0000 0.2867 0.5298 0.6923 0.7493 0.6923 0.5298 0.2867 0.0000
 0.0000 0.2649 0.4895 0.6396 0.6923 0.6396 0.4895 0.2649 0.0000
 0.0000 0.2028 0.3746 0.4895 0.5298 0.4895 0.3746 0.2028 0.0000
 0.0000 0.1097 0.2028 0.2649 0.2867 0.2649 0.2028 0.1097 0.0000
 0.0000 0.0000 0.0000 0.0000 0.0000 0.0000 0.0000 0.0000 0.0000

 Iteration: 18
 0.0000 0.0000 0.0000 0.0000 0.0000 0.0000 0.0000 0.0000 0.0000
 0.0000 0.1127 0.2082 0.2720 0.2944 0.2720 0.2082 0.1127 0.0000
 0.0000 0.2082 0.3847 0.5026 0.5440 0.5026 0.3847 0.2082 0.0000
 0.0000 0.2720 0.5026 0.6567 0.7108 0.6567 0.5026 0.2720 0.0000
 0.0000 0.2944 0.5440 0.7108 0.7694 0.7108 0.5440 0.2944 0.0000
 0.0000 0.2720 0.5026 0.6567 0.7108 0.6567 0.5026 0.2720 0.0000
 0.0000 0.2082 0.3847 0.5026 0.5440 0.5026 0.3847 0.2082 0.0000
 0.0000 0.1127 0.2082 0.2720 0.2944 0.2720 0.2082 0.1127 0.0000
 0.0000 0.0000 0.0000 0.0000 0.0000 0.0000 0.0000 0.0000 0.0000

 Iteration: 19
 0.0000 0.0000 0.0000 0.0000 0.0000 0.0000 0.0000 0.0000 0.0000
 0.0000 0.1154 0.2132 0.2786 0.3015 0.2786 0.2132 0.1154 0.0000
 0.0000 0.2132 0.3940 0.5147 0.5571 0.5147 0.3940 0.2132 0.0000
 0.0000 0.2786 0.5147 0.6725 0.7279 0.6725 0.5147 0.2786 0.0000
 0.0000 0.3015 0.5571 0.7279 0.7879 0.7279 0.5571 0.3015 0.0000
 0.0000 0.2786 0.5147 0.6725 0.7279 0.6725 0.5147 0.2786 0.0000
 0.0000 0.2132 0.3940 0.5147 0.5571 0.5147 0.3940 0.2132 0.0000
 0.0000 0.1154 0.2132 0.2786 0.3015 0.2786 0.2132 0.1154 0.0000
 0.0000 0.0000 0.0000 0.0000 0.0000 0.0000 0.0000 0.0000 0.0000

 Iteration: 20
 0.0000 0.0000 0.0000 0.0000 0.0000 0.0000 0.0000 0.0000 0.0000
 0.0000 0.1179 0.2178 0.2846 0.3081 0.2846 0.2178 0.1179 0.0000
 0.0000 0.2178 0.4025 0.5259 0.5692 0.5259 0.4025 0.2178 0.0000
 0.0000 0.2846 0.5259 0.6871 0.7438 0.6871 0.5259 0.2846 0.0000
 0.0000 0.3081 0.5692 0.7438 0.8050 0.7438 0.5692 0.3081 0.0000
 0.0000 0.2846 0.5259 0.6871 0.7438 0.6871 0.5259 0.2846 0.0000
 0.0000 0.2178 0.4025 0.5259 0.5692 0.5259 0.4025 0.2178 0.0000
 0.0000 0.1179 0.2178 0.2846 0.3081 0.2846 0.2178 0.1179 0.0000
 0.0000 0.0000 0.0000 0.0000 0.0000 0.0000 0.0000 0.0000 0.0000

 Iteration: 21
 0.0000 0.0000 0.0000 0.0000 0.0000 0.0000 0.0000 0.0000 0.0000
 0.0000 0.1202 0.2221 0.2902 0.3141 0.2902 0.2221 0.1202 0.0000
 0.0000 0.2221 0.4104 0.5363 0.5804 0.5363 0.4104 0.2221 0.0000
 0.0000 0.2902 0.5363 0.7006 0.7584 0.7006 0.5363 0.2902 0.0000
 0.0000 0.3141 0.5804 0.7584 0.8209 0.7584 0.5804 0.3141 0.0000
 0.0000 0.2902 0.5363 0.7006 0.7584 0.7006 0.5363 0.2902 0.0000
 0.0000 0.2221 0.4104 0.5363 0.5804 0.5363 0.4104 0.2221 0.0000
 0.0000 0.1202 0.2221 0.2902 0.3141 0.2902 0.2221 0.1202 0.0000
 0.0000 0.0000 0.0000 0.0000 0.0000 0.0000 0.0000 0.0000 0.0000

 Iteration: 22
 0.0000 0.0000 0.0000 0.0000 0.0000 0.0000 0.0000 0.0000 0.0000
 0.0000 0.1224 0.2261 0.2954 0.3197 0.2954 0.2261 0.1224 0.0000
 0.0000 0.2261 0.4177 0.5458 0.5908 0.5458 0.4177 0.2261 0.0000
 0.0000 0.2954 0.5458 0.7131 0.7719 0.7131 0.5458 0.2954 0.0000
 0.0000 0.3197 0.5908 0.7719 0.8355 0.7719 0.5908 0.3197 0.0000
 0.0000 0.2954 0.5458 0.7131 0.7719 0.7131 0.5458 0.2954 0.0000
 0.0000 0.2261 0.4177 0.5458 0.5908 0.5458 0.4177 0.2261 0.0000
 0.0000 0.1224 0.2261 0.2954 0.3197 0.2954 0.2261 0.1224 0.0000
 0.0000 0.0000 0.0000 0.0000 0.0000 0.0000 0.0000 0.0000 0.0000

 Iteration: 23
 0.0000 0.0000 0.0000 0.0000 0.0000 0.0000 0.0000 0.0000 0.0000
 0.0000 0.1243 0.2297 0.3002 0.3249 0.3002 0.2297 0.1243 0.0000
 0.0000 0.2297 0.4245 0.5546 0.6003 0.5546 0.4245 0.2297 0.0000
 0.0000 0.3002 0.5546 0.7247 0.7844 0.7247 0.5546 0.3002 0.0000
 0.0000 0.3249 0.6003 0.7844 0.8490 0.7844 0.6003 0.3249 0.0000
 0.0000 0.3002 0.5546 0.7247 0.7844 0.7247 0.5546 0.3002 0.0000
 0.0000 0.2297 0.4245 0.5546 0.6003 0.5546 0.4245 0.2297 0.0000
 0.0000 0.1243 0.2297 0.3002 0.3249 0.3002 0.2297 0.1243 0.0000
 0.0000 0.0000 0.0000 0.0000 0.0000 0.0000 0.0000 0.0000 0.0000

 Iteration: 24
 0.0000 0.0000 0.0000 0.0000 0.0000 0.0000 0.0000 0.0000 0.0000
 0.0000 0.1262 0.2331 0.3046 0.3297 0.3046 0.2331 0.1262 0.0000
 0.0000 0.2331 0.4307 0.5628 0.6092 0.5628 0.4307 0.2331 0.0000
 0.0000 0.3046 0.5628 0.7353 0.7959 0.7353 0.5628 0.3046 0.0000
 0.0000 0.3297 0.6092 0.7959 0.8615 0.7959 0.6092 0.3297 0.0000
 0.0000 0.3046 0.5628 0.7353 0.7959 0.7353 0.5628 0.3046 0.0000
 0.0000 0.2331 0.4307 0.5628 0.6092 0.5628 0.4307 0.2331 0.0000
 0.0000 0.1262 0.2331 0.3046 0.3297 0.3046 0.2331 0.1262 0.0000
 0.0000 0.0000 0.0000 0.0000 0.0000 0.0000 0.0000 0.0000 0.0000

 Iteration: 25
 0.0000 0.0000 0.0000 0.0000 0.0000 0.0000 0.0000 0.0000 0.0000
 0.0000 0.1278 0.2362 0.3087 0.3341 0.3087 0.2362 0.1278 0.0000
 0.0000 0.2362 0.4365 0.5703 0.6173 0.5703 0.4365 0.2362 0.0000
 0.0000 0.3087 0.5703 0.7452 0.8065 0.7452 0.5703 0.3087 0.0000
 0.0000 0.3341 0.6173 0.8065 0.8730 0.8065 0.6173 0.3341 0.0000
 0.0000 0.3087 0.5703 0.7452 0.8065 0.7452 0.5703 0.3087 0.0000
 0.0000 0.2362 0.4365 0.5703 0.6173 0.5703 0.4365 0.2362 0.0000
 0.0000 0.1278 0.2362 0.3087 0.3341 0.3087 0.2362 0.1278 0.0000
 0.0000 0.0000 0.0000 0.0000 0.0000 0.0000 0.0000 0.0000 0.0000

 Iteration: 26
 0.0000 0.0000 0.0000 0.0000 0.0000 0.0000 0.0000 0.0000 0.0000
 0.0000 0.1294 0.2391 0.3124 0.3382 0.3124 0.2391 0.1294 0.0000
 0.0000 0.2391 0.4418 0.5773 0.6248 0.5773 0.4418 0.2391 0.0000
 0.0000 0.3124 0.5773 0.7542 0.8164 0.7542 0.5773 0.3124 0.0000
 0.0000 0.3382 0.6248 0.8164 0.8837 0.8164 0.6248 0.3382 0.0000
 0.0000 0.3124 0.5773 0.7542 0.8164 0.7542 0.5773 0.3124 0.0000
 0.0000 0.2391 0.4418 0.5773 0.6248 0.5773 0.4418 0.2391 0.0000
 0.0000 0.1294 0.2391 0.3124 0.3382 0.3124 0.2391 0.1294 0.0000
 0.0000 0.0000 0.0000 0.0000 0.0000 0.0000 0.0000 0.0000 0.0000

 Iteration: 27
 0.0000 0.0000 0.0000 0.0000 0.0000 0.0000 0.0000 0.0000 0.0000
 0.0000 0.1308 0.2418 0.3159 0.3419 0.3159 0.2418 0.1308 0.0000
 0.0000 0.2418 0.4467 0.5837 0.6318 0.5837 0.4467 0.2418 0.0000
 0.0000 0.3159 0.5837 0.7626 0.8255 0.7626 0.5837 0.3159 0.0000
 0.0000 0.3419 0.6318 0.8255 0.8935 0.8255 0.6318 0.3419 0.0000
 0.0000 0.3159 0.5837 0.7626 0.8255 0.7626 0.5837 0.3159 0.0000
 0.0000 0.2418 0.4467 0.5837 0.6318 0.5837 0.4467 0.2418 0.0000
 0.0000 0.1308 0.2418 0.3159 0.3419 0.3159 0.2418 0.1308 0.0000
 0.0000 0.0000 0.0000 0.0000 0.0000 0.0000 0.0000 0.0000 0.0000

 Iteration: 28
 0.0000 0.0000 0.0000 0.0000 0.0000 0.0000 0.0000 0.0000 0.0000
 0.0000 0.1322 0.2442 0.3191 0.3454 0.3191 0.2442 0.1322 0.0000
 0.0000 0.2442 0.4513 0.5896 0.6382 0.5896 0.4513 0.2442 0.0000
 0.0000 0.3191 0.5896 0.7704 0.8339 0.7704 0.5896 0.3191 0.0000
 0.0000 0.3454 0.6382 0.8339 0.9026 0.8339 0.6382 0.3454 0.0000
 0.0000 0.3191 0.5896 0.7704 0.8339 0.7704 0.5896 0.3191 0.0000
 0.0000 0.2442 0.4513 0.5896 0.6382 0.5896 0.4513 0.2442 0.0000
 0.0000 0.1322 0.2442 0.3191 0.3454 0.3191 0.2442 0.1322 0.0000
 0.0000 0.0000 0.0000 0.0000 0.0000 0.0000 0.0000 0.0000 0.0000

 Iteration: 29
 0.0000 0.0000 0.0000 0.0000 0.0000 0.0000 0.0000 0.0000 0.0000
 0.0000 0.1334 0.2465 0.3221 0.3486 0.3221 0.2465 0.1334 0.0000
 0.0000 0.2465 0.4555 0.5951 0.6442 0.5951 0.4555 0.2465 0.0000
 0.0000 0.3221 0.5951 0.7776 0.8416 0.7776 0.5951 0.3221 0.0000
 0.0000 0.3486 0.6442 0.8416 0.9110 0.8416 0.6442 0.3486 0.0000
 0.0000 0.3221 0.5951 0.7776 0.8416 0.7776 0.5951 0.3221 0.0000
 0.0000 0.2465 0.4555 0.5951 0.6442 0.5951 0.4555 0.2465 0.0000
 0.0000 0.1334 0.2465 0.3221 0.3486 0.3221 0.2465 0.1334 0.0000
 0.0000 0.0000 0.0000 0.0000 0.0000 0.0000 0.0000 0.0000 0.0000

 Iteration: 30
 0.0000 0.0000 0.0000 0.0000 0.0000 0.0000 0.0000 0.0000 0.0000
 0.0000 0.1345 0.2486 0.3248 0.3516 0.3248 0.2486 0.1345 0.0000
 0.0000 0.2486 0.4594 0.6002 0.6497 0.6002 0.4594 0.2486 0.0000
 0.0000 0.3248 0.6002 0.7842 0.8488 0.7842 0.6002 0.3248 0.0000
 0.0000 0.3516 0.6497 0.8488 0.9188 0.8488 0.6497 0.3516 0.0000
 0.0000 0.3248 0.6002 0.7842 0.8488 0.7842 0.6002 0.3248 0.0000
 0.0000 0.2486 0.4594 0.6002 0.6497 0.6002 0.4594 0.2486 0.0000
 0.0000 0.1345 0.2486 0.3248 0.3516 0.3248 0.2486 0.1345 0.0000
 0.0000 0.0000 0.0000 0.0000 0.0000 0.0000 0.0000 0.0000 0.0000

 Iteration: 31
 0.0000 0.0000 0.0000 0.0000 0.0000 0.0000 0.0000 0.0000 0.0000
 0.0000 0.1356 0.2506 0.3274 0.3543 0.3274 0.2506 0.1356 0.0000
 0.0000 0.2506 0.4630 0.6049 0.6547 0.6049 0.4630 0.2506 0.0000
 0.0000 0.3274 0.6049 0.7903 0.8554 0.7903 0.6049 0.3274 0.0000
 0.0000 0.3543 0.6547 0.8554 0.9259 0.8554 0.6547 0.3543 0.0000
 0.0000 0.3274 0.6049 0.7903 0.8554 0.7903 0.6049 0.3274 0.0000
 0.0000 0.2506 0.4630 0.6049 0.6547 0.6049 0.4630 0.2506 0.0000
 0.0000 0.1356 0.2506 0.3274 0.3543 0.3274 0.2506 0.1356 0.0000
 0.0000 0.0000 0.0000 0.0000 0.0000 0.0000 0.0000 0.0000 0.0000

 Iteration: 32
 0.0000 0.0000 0.0000 0.0000 0.0000 0.0000 0.0000 0.0000 0.0000
 0.0000 0.1366 0.2523 0.3297 0.3569 0.3297 0.2523 0.1366 0.0000
 0.0000 0.2523 0.4663 0.6092 0.6594 0.6092 0.4663 0.2523 0.0000
 0.0000 0.3297 0.6092 0.7960 0.8616 0.7960 0.6092 0.3297 0.0000
 0.0000 0.3569 0.6594 0.8616 0.9325 0.8616 0.6594 0.3569 0.0000
 0.0000 0.3297 0.6092 0.7960 0.8616 0.7960 0.6092 0.3297 0.0000
 0.0000 0.2523 0.4663 0.6092 0.6594 0.6092 0.4663 0.2523 0.0000
 0.0000 0.1366 0.2523 0.3297 0.3569 0.3297 0.2523 0.1366 0.0000
 0.0000 0.0000 0.0000 0.0000 0.0000 0.0000 0.0000 0.0000 0.0000

 Iteration: 33
 0.0000 0.0000 0.0000 0.0000 0.0000 0.0000 0.0000 0.0000 0.0000
 0.0000 0.1375 0.2540 0.3319 0.3592 0.3319 0.2540 0.1375 0.0000
 0.0000 0.2540 0.4693 0.6132 0.6637 0.6132 0.4693 0.2540 0.0000
 0.0000 0.3319 0.6132 0.8012 0.8672 0.8012 0.6132 0.3319 0.0000
 0.0000 0.3592 0.6637 0.8672 0.9387 0.8672 0.6637 0.3592 0.0000
 0.0000 0.3319 0.6132 0.8012 0.8672 0.8012 0.6132 0.3319 0.0000
 0.0000 0.2540 0.4693 0.6132 0.6637 0.6132 0.4693 0.2540 0.0000
 0.0000 0.1375 0.2540 0.3319 0.3592 0.3319 0.2540 0.1375 0.0000
 0.0000 0.0000 0.0000 0.0000 0.0000 0.0000 0.0000 0.0000 0.0000

 Iteration: 34
 0.0000 0.0000 0.0000 0.0000 0.0000 0.0000 0.0000 0.0000 0.0000
 0.0000 0.1383 0.2555 0.3339 0.3614 0.3339 0.2555 0.1383 0.0000
 0.0000 0.2555 0.4722 0.6169 0.6677 0.6169 0.4722 0.2555 0.0000
 0.0000 0.3339 0.6169 0.8060 0.8724 0.8060 0.6169 0.3339 0.0000
 0.0000 0.3614 0.6677 0.8724 0.9443 0.8724 0.6677 0.3614 0.0000
 0.0000 0.3339 0.6169 0.8060 0.8724 0.8060 0.6169 0.3339 0.0000
 0.0000 0.2555 0.4722 0.6169 0.6677 0.6169 0.4722 0.2555 0.0000
 0.0000 0.1383 0.2555 0.3339 0.3614 0.3339 0.2555 0.1383 0.0000
 0.0000 0.0000 0.0000 0.0000 0.0000 0.0000 0.0000 0.0000 0.0000

 Iteration: 35
 0.0000 0.0000 0.0000 0.0000 0.0000 0.0000 0.0000 0.0000 0.0000
 0.0000 0.1391 0.2569 0.3357 0.3634 0.3357 0.2569 0.1391 0.0000
 0.0000 0.2569 0.4748 0.6203 0.6714 0.6203 0.4748 0.2569 0.0000
 0.0000 0.3357 0.6203 0.8105 0.8773 0.8105 0.6203 0.3357 0.0000
 0.0000 0.3634 0.6714 0.8773 0.9495 0.8773 0.6714 0.3634 0.0000
 0.0000 0.3357 0.6203 0.8105 0.8773 0.8105 0.6203 0.3357 0.0000
 0.0000 0.2569 0.4748 0.6203 0.6714 0.6203 0.4748 0.2569 0.0000
 0.0000 0.1391 0.2569 0.3357 0.3634 0.3357 0.2569 0.1391 0.0000
 0.0000 0.0000 0.0000 0.0000 0.0000 0.0000 0.0000 0.0000 0.0000

 Iteration: 36
 0.0000 0.0000 0.0000 0.0000 0.0000 0.0000 0.0000 0.0000 0.0000
 0.0000 0.1398 0.2583 0.3374 0.3652 0.3374 0.2583 0.1398 0.0000
 0.0000 0.2583 0.4772 0.6235 0.6748 0.6235 0.4772 0.2583 0.0000
 0.0000 0.3374 0.6235 0.8146 0.8817 0.8146 0.6235 0.3374 0.0000
 0.0000 0.3652 0.6748 0.8817 0.9544 0.8817 0.6748 0.3652 0.0000
 0.0000 0.3374 0.6235 0.8146 0.8817 0.8146 0.6235 0.3374 0.0000
 0.0000 0.2583 0.4772 0.6235 0.6748 0.6235 0.4772 0.2583 0.0000
 0.0000 0.1398 0.2583 0.3374 0.3652 0.3374 0.2583 0.1398 0.0000
 0.0000 0.0000 0.0000 0.0000 0.0000 0.0000 0.0000 0.0000 0.0000

 Iteration: 37
 0.0000 0.0000 0.0000 0.0000 0.0000 0.0000 0.0000 0.0000 0.0000
 0.0000 0.1404 0.2595 0.3390 0.3669 0.3390 0.2595 0.1404 0.0000
 0.0000 0.2595 0.4794 0.6264 0.6780 0.6264 0.4794 0.2595 0.0000
 0.0000 0.3390 0.6264 0.8184 0.8858 0.8184 0.6264 0.3390 0.0000
 0.0000 0.3669 0.6780 0.8858 0.9588 0.8858 0.6780 0.3669 0.0000
 0.0000 0.3390 0.6264 0.8184 0.8858 0.8184 0.6264 0.3390 0.0000
 0.0000 0.2595 0.4794 0.6264 0.6780 0.6264 0.4794 0.2595 0.0000
 0.0000 0.1404 0.2595 0.3390 0.3669 0.3390 0.2595 0.1404 0.0000
 0.0000 0.0000 0.0000 0.0000 0.0000 0.0000 0.0000 0.0000 0.0000

 Iteration: 38
 0.0000 0.0000 0.0000 0.0000 0.0000 0.0000 0.0000 0.0000 0.0000
 0.0000 0.1410 0.2606 0.3405 0.3685 0.3405 0.2606 0.1410 0.0000
 0.0000 0.2606 0.4815 0.6291 0.6809 0.6291 0.4815 0.2606 0.0000
 0.0000 0.3405 0.6291 0.8219 0.8897 0.8219 0.6291 0.3405 0.0000
 0.0000 0.3685 0.6809 0.8897 0.9630 0.8897 0.6809 0.3685 0.0000
 0.0000 0.3405 0.6291 0.8219 0.8897 0.8219 0.6291 0.3405 0.0000
 0.0000 0.2606 0.4815 0.6291 0.6809 0.6291 0.4815 0.2606 0.0000
 0.0000 0.1410 0.2606 0.3405 0.3685 0.3405 0.2606 0.1410 0.0000
 0.0000 0.0000 0.0000 0.0000 0.0000 0.0000 0.0000 0.0000 0.0000

 Iteration: 39
 0.0000 0.0000 0.0000 0.0000 0.0000 0.0000 0.0000 0.0000 0.0000
 0.0000 0.1416 0.2616 0.3418 0.3700 0.3418 0.2616 0.1416 0.0000
 0.0000 0.2616 0.4834 0.6316 0.6836 0.6316 0.4834 0.2616 0.0000
 0.0000 0.3418 0.6316 0.8252 0.8932 0.8252 0.6316 0.3418 0.0000
 0.0000 0.3700 0.6836 0.8932 0.9668 0.8932 0.6836 0.3700 0.0000
 0.0000 0.3418 0.6316 0.8252 0.8932 0.8252 0.6316 0.3418 0.0000
 0.0000 0.2616 0.4834 0.6316 0.6836 0.6316 0.4834 0.2616 0.0000
 0.0000 0.1416 0.2616 0.3418 0.3700 0.3418 0.2616 0.1416 0.0000
 0.0000 0.0000 0.0000 0.0000 0.0000 0.0000 0.0000 0.0000 0.0000

 Iteration: 40
 0.0000 0.0000 0.0000 0.0000 0.0000 0.0000 0.0000 0.0000 0.0000
 0.0000 0.1421 0.2626 0.3430 0.3713 0.3430 0.2626 0.1421 0.0000
 0.0000 0.2626 0.4851 0.6339 0.6861 0.6339 0.4851 0.2626 0.0000
 0.0000 0.3430 0.6339 0.8282 0.8964 0.8282 0.6339 0.3430 0.0000
 0.0000 0.3713 0.6861 0.8964 0.9703 0.8964 0.6861 0.3713 0.0000
 0.0000 0.3430 0.6339 0.8282 0.8964 0.8282 0.6339 0.3430 0.0000
 0.0000 0.2626 0.4851 0.6339 0.6861 0.6339 0.4851 0.2626 0.0000
 0.0000 0.1421 0.2626 0.3430 0.3713 0.3430 0.2626 0.1421 0.0000
 0.0000 0.0000 0.0000 0.0000 0.0000 0.0000 0.0000 0.0000 0.0000

 Iteration: 41
 0.0000 0.0000 0.0000 0.0000 0.0000 0.0000 0.0000 0.0000 0.0000
 0.0000 0.1426 0.2634 0.3442 0.3726 0.3442 0.2634 0.1426 0.0000
 0.0000 0.2634 0.4868 0.6360 0.6884 0.6360 0.4868 0.2634 0.0000
 0.0000 0.3442 0.6360 0.8310 0.8994 0.8310 0.6360 0.3442 0.0000
 0.0000 0.3726 0.6884 0.8994 0.9735 0.8994 0.6884 0.3726 0.0000
 0.0000 0.3442 0.6360 0.8310 0.8994 0.8310 0.6360 0.3442 0.0000
 0.0000 0.2634 0.4868 0.6360 0.6884 0.6360 0.4868 0.2634 0.0000
 0.0000 0.1426 0.2634 0.3442 0.3726 0.3442 0.2634 0.1426 0.0000
 0.0000 0.0000 0.0000 0.0000 0.0000 0.0000 0.0000 0.0000 0.0000

 Iteration: 42
 0.0000 0.0000 0.0000 0.0000 0.0000 0.0000 0.0000 0.0000 0.0000
 0.0000 0.1430 0.2642 0.3453 0.3737 0.3453 0.2642 0.1430 0.0000
 0.0000 0.2642 0.4883 0.6379 0.6905 0.6379 0.4883 0.2642 0.0000
 0.0000 0.3453 0.6379 0.8335 0.9022 0.8335 0.6379 0.3453 0.0000
 0.0000 0.3737 0.6905 0.9022 0.9765 0.9022 0.6905 0.3737 0.0000
 0.0000 0.3453 0.6379 0.8335 0.9022 0.8335 0.6379 0.3453 0.0000
 0.0000 0.2642 0.4883 0.6379 0.6905 0.6379 0.4883 0.2642 0.0000
 0.0000 0.1430 0.2642 0.3453 0.3737 0.3453 0.2642 0.1430 0.0000
 0.0000 0.0000 0.0000 0.0000 0.0000 0.0000 0.0000 0.0000 0.0000

 Iteration: 43
 0.0000 0.0000 0.0000 0.0000 0.0000 0.0000 0.0000 0.0000 0.0000
 0.0000 0.1434 0.2650 0.3462 0.3748 0.3462 0.2650 0.1434 0.0000
 0.0000 0.2650 0.4896 0.6398 0.6925 0.6398 0.4896 0.2650 0.0000
 0.0000 0.3462 0.6398 0.8359 0.9048 0.8359 0.6398 0.3462 0.0000
 0.0000 0.3748 0.6925 0.9048 0.9793 0.9048 0.6925 0.3748 0.0000
 0.0000 0.3462 0.6398 0.8359 0.9048 0.8359 0.6398 0.3462 0.0000
 0.0000 0.2650 0.4896 0.6398 0.6925 0.6398 0.4896 0.2650 0.0000
 0.0000 0.1434 0.2650 0.3462 0.3748 0.3462 0.2650 0.1434 0.0000
 0.0000 0.0000 0.0000 0.0000 0.0000 0.0000 0.0000 0.0000 0.0000

 Iteration: 44
 0.0000 0.0000 0.0000 0.0000 0.0000 0.0000 0.0000 0.0000 0.0000
 0.0000 0.1438 0.2657 0.3471 0.3757 0.3471 0.2657 0.1438 0.0000
 0.0000 0.2657 0.4909 0.6414 0.6943 0.6414 0.4909 0.2657 0.0000
 0.0000 0.3471 0.6414 0.8381 0.9071 0.8381 0.6414 0.3471 0.0000
 0.0000 0.3757 0.6943 0.9071 0.9819 0.9071 0.6943 0.3757 0.0000
 0.0000 0.3471 0.6414 0.8381 0.9071 0.8381 0.6414 0.3471 0.0000
 0.0000 0.2657 0.4909 0.6414 0.6943 0.6414 0.4909 0.2657 0.0000
 0.0000 0.1438 0.2657 0.3471 0.3757 0.3471 0.2657 0.1438 0.0000
 0.0000 0.0000 0.0000 0.0000 0.0000 0.0000 0.0000 0.0000 0.0000

 Iteration: 45
 0.0000 0.0000 0.0000 0.0000 0.0000 0.0000 0.0000 0.0000 0.0000
 0.0000 0.1441 0.2663 0.3480 0.3766 0.3480 0.2663 0.1441 0.0000
 0.0000 0.2663 0.4921 0.6430 0.6960 0.6430 0.4921 0.2663 0.0000
 0.0000 0.3480 0.6430 0.8401 0.9093 0.8401 0.6430 0.3480 0.0000
 0.0000 0.3766 0.6960 0.9093 0.9842 0.9093 0.6960 0.3766 0.0000
 0.0000 0.3480 0.6430 0.8401 0.9093 0.8401 0.6430 0.3480 0.0000
 0.0000 0.2663 0.4921 0.6430 0.6960 0.6430 0.4921 0.2663 0.0000
 0.0000 0.1441 0.2663 0.3480 0.3766 0.3480 0.2663 0.1441 0.0000
 0.0000 0.0000 0.0000 0.0000 0.0000 0.0000 0.0000 0.0000 0.0000

 Iteration: 46
 0.0000 0.0000 0.0000 0.0000 0.0000 0.0000 0.0000 0.0000 0.0000
 0.0000 0.1445 0.2669 0.3487 0.3775 0.3487 0.2669 0.1445 0.0000
 0.0000 0.2669 0.4932 0.6444 0.6975 0.6444 0.4932 0.2669 0.0000
 0.0000 0.3487 0.6444 0.8420 0.9113 0.8420 0.6444 0.3487 0.0000
 0.0000 0.3775 0.6975 0.9113 0.9864 0.9113 0.6975 0.3775 0.0000
 0.0000 0.3487 0.6444 0.8420 0.9113 0.8420 0.6444 0.3487 0.0000
 0.0000 0.2669 0.4932 0.6444 0.6975 0.6444 0.4932 0.2669 0.0000
 0.0000 0.1445 0.2669 0.3487 0.3775 0.3487 0.2669 0.1445 0.0000
 0.0000 0.0000 0.0000 0.0000 0.0000 0.0000 0.0000 0.0000 0.0000

 Iteration: 47
 0.0000 0.0000 0.0000 0.0000 0.0000 0.0000 0.0000 0.0000 0.0000
 0.0000 0.1448 0.2675 0.3495 0.3783 0.3495 0.2675 0.1448 0.0000
 0.0000 0.2675 0.4942 0.6457 0.6989 0.6457 0.4942 0.2675 0.0000
 0.0000 0.3495 0.6457 0.8437 0.9132 0.8437 0.6457 0.3495 0.0000
 0.0000 0.3783 0.6989 0.9132 0.9884 0.9132 0.6989 0.3783 0.0000
 0.0000 0.3495 0.6457 0.8437 0.9132 0.8437 0.6457 0.3495 0.0000
 0.0000 0.2675 0.4942 0.6457 0.6989 0.6457 0.4942 0.2675 0.0000
 0.0000 0.1448 0.2675 0.3495 0.3783 0.3495 0.2675 0.1448 0.0000
 0.0000 0.0000 0.0000 0.0000 0.0000 0.0000 0.0000 0.0000 0.0000

 Iteration: 48
 0.0000 0.0000 0.0000 0.0000 0.0000 0.0000 0.0000 0.0000 0.0000
 0.0000 0.1450 0.2680 0.3501 0.3790 0.3501 0.2680 0.1450 0.0000
 0.0000 0.2680 0.4951 0.6469 0.7002 0.6469 0.4951 0.2680 0.0000
 0.0000 0.3501 0.6469 0.8453 0.9149 0.8453 0.6469 0.3501 0.0000
 0.0000 0.3790 0.7002 0.9149 0.9903 0.9149 0.7002 0.3790 0.0000
 0.0000 0.3501 0.6469 0.8453 0.9149 0.8453 0.6469 0.3501 0.0000
 0.0000 0.2680 0.4951 0.6469 0.7002 0.6469 0.4951 0.2680 0.0000
 0.0000 0.1450 0.2680 0.3501 0.3790 0.3501 0.2680 0.1450 0.0000
 0.0000 0.0000 0.0000 0.0000 0.0000 0.0000 0.0000 0.0000 0.0000

 Iteration: 49
 0.0000 0.0000 0.0000 0.0000 0.0000 0.0000 0.0000 0.0000 0.0000
 0.0000 0.1453 0.2684 0.3507 0.3796 0.3507 0.2684 0.1453 0.0000
 0.0000 0.2684 0.4960 0.6481 0.7015 0.6481 0.4960 0.2684 0.0000
 0.0000 0.3507 0.6481 0.8467 0.9165 0.8467 0.6481 0.3507 0.0000
 0.0000 0.3796 0.7015 0.9165 0.9920 0.9165 0.7015 0.3796 0.0000
 0.0000 0.3507 0.6481 0.8467 0.9165 0.8467 0.6481 0.3507 0.0000
 0.0000 0.2684 0.4960 0.6481 0.7015 0.6481 0.4960 0.2684 0.0000
 0.0000 0.1453 0.2684 0.3507 0.3796 0.3507 0.2684 0.1453 0.0000
 0.0000 0.0000 0.0000 0.0000 0.0000 0.0000 0.0000 0.0000 0.0000

 Iteration: 50
 0.0000 0.0000 0.0000 0.0000 0.0000 0.0000 0.0000 0.0000 0.0000
 0.0000 0.1455 0.2689 0.3513 0.3802 0.3513 0.2689 0.1455 0.0000
 0.0000 0.2689 0.4968 0.6491 0.7026 0.6491 0.4968 0.2689 0.0000
 0.0000 0.3513 0.6491 0.8481 0.9180 0.8481 0.6491 0.3513 0.0000
 0.0000 0.3802 0.7026 0.9180 0.9936 0.9180 0.7026 0.3802 0.0000
 0.0000 0.3513 0.6491 0.8481 0.9180 0.8481 0.6491 0.3513 0.0000
 0.0000 0.2689 0.4968 0.6491 0.7026 0.6491 0.4968 0.2689 0.0000
 0.0000 0.1455 0.2689 0.3513 0.3802 0.3513 0.2689 0.1455 0.0000
 0.0000 0.0000 0.0000 0.0000 0.0000 0.0000 0.0000 0.0000 0.0000

 Iteration: 51
 0.0000 0.0000 0.0000 0.0000 0.0000 0.0000 0.0000 0.0000 0.0000
 0.0000 0.1457 0.2693 0.3518 0.3808 0.3518 0.2693 0.1457 0.0000
 0.0000 0.2693 0.4975 0.6501 0.7036 0.6501 0.4975 0.2693 0.0000
 0.0000 0.3518 0.6501 0.8494 0.9193 0.8494 0.6501 0.3518 0.0000
 0.0000 0.3808 0.7036 0.9193 0.9951 0.9193 0.7036 0.3808 0.0000
 0.0000 0.3518 0.6501 0.8494 0.9193 0.8494 0.6501 0.3518 0.0000
 0.0000 0.2693 0.4975 0.6501 0.7036 0.6501 0.4975 0.2693 0.0000
 0.0000 0.1457 0.2693 0.3518 0.3808 0.3518 0.2693 0.1457 0.0000
 0.0000 0.0000 0.0000 0.0000 0.0000 0.0000 0.0000 0.0000 0.0000

 Iteration: 52
 0.0000 0.0000 0.0000 0.0000 0.0000 0.0000 0.0000 0.0000 0.0000
 0.0000 0.1459 0.2696 0.3523 0.3813 0.3523 0.2696 0.1459 0.0000
 0.0000 0.2696 0.4982 0.6510 0.7046 0.6510 0.4982 0.2696 0.0000
 0.0000 0.3523 0.6510 0.8505 0.9206 0.8505 0.6510 0.3523 0.0000
 0.0000 0.3813 0.7046 0.9206 0.9964 0.9206 0.7046 0.3813 0.0000
 0.0000 0.3523 0.6510 0.8505 0.9206 0.8505 0.6510 0.3523 0.0000
 0.0000 0.2696 0.4982 0.6510 0.7046 0.6510 0.4982 0.2696 0.0000
 0.0000 0.1459 0.2696 0.3523 0.3813 0.3523 0.2696 0.1459 0.0000
 0.0000 0.0000 0.0000 0.0000 0.0000 0.0000 0.0000 0.0000 0.0000

 Iteration: 53
 0.0000 0.0000 0.0000 0.0000 0.0000 0.0000 0.0000 0.0000 0.0000
 0.0000 0.1461 0.2700 0.3527 0.3818 0.3527 0.2700 0.1461 0.0000
 0.0000 0.2700 0.4989 0.6518 0.7055 0.6518 0.4989 0.2700 0.0000
 0.0000 0.3527 0.6518 0.8516 0.9218 0.8516 0.6518 0.3527 0.0000
 0.0000 0.3818 0.7055 0.9218 0.9977 0.9218 0.7055 0.3818 0.0000
 0.0000 0.3527 0.6518 0.8516 0.9218 0.8516 0.6518 0.3527 0.0000
 0.0000 0.2700 0.4989 0.6518 0.7055 0.6518 0.4989 0.2700 0.0000
 0.0000 0.1461 0.2700 0.3527 0.3818 0.3527 0.2700 0.1461 0.0000
 0.0000 0.0000 0.0000 0.0000 0.0000 0.0000 0.0000 0.0000 0.0000

 Iteration: 54
 0.0000 0.0000 0.0000 0.0000 0.0000 0.0000 0.0000 0.0000 0.0000
 0.0000 0.1463 0.2703 0.3532 0.3822 0.3532 0.2703 0.1463 0.0000
 0.0000 0.2703 0.4994 0.6525 0.7063 0.6525 0.4994 0.2703 0.0000
 0.0000 0.3532 0.6525 0.8526 0.9228 0.8526 0.6525 0.3532 0.0000
 0.0000 0.3822 0.7063 0.9228 0.9989 0.9228 0.7063 0.3822 0.0000
 0.0000 0.3532 0.6525 0.8526 0.9228 0.8526 0.6525 0.3532 0.0000
 0.0000 0.2703 0.4994 0.6525 0.7063 0.6525 0.4994 0.2703 0.0000
 0.0000 0.1463 0.2703 0.3532 0.3822 0.3532 0.2703 0.1463 0.0000
 0.0000 0.0000 0.0000 0.0000 0.0000 0.0000 0.0000 0.0000 0.0000

 Iteration: 55
 0.0000 0.0000 0.0000 0.0000 0.0000 0.0000 0.0000 0.0000 0.0000
 0.0000 0.1464 0.2706 0.3535 0.3827 0.3535 0.2706 0.1464 0.0000
 0.0000 0.2706 0.5000 0.6532 0.7071 0.6532 0.5000 0.2706 0.0000
 0.0000 0.3535 0.6532 0.8535 0.9238 0.8535 0.6532 0.3535 0.0000
 0.0000 0.3827 0.7071 0.9238 0.9999 0.9238 0.7071 0.3827 0.0000
 0.0000 0.3535 0.6532 0.8535 0.9238 0.8535 0.6532 0.3535 0.0000
 0.0000 0.2706 0.5000 0.6532 0.7071 0.6532 0.5000 0.2706 0.0000
 0.0000 0.1464 0.2706 0.3535 0.3827 0.3535 0.2706 0.1464 0.0000
 0.0000 0.0000 0.0000 0.0000 0.0000 0.0000 0.0000 0.0000 0.0000

 Iteration: 56
 0.0000 0.0000 0.0000 0.0000 0.0000 0.0000 0.0000 0.0000 0.0000
 0.0000 0.1466 0.2708 0.3539 0.3830 0.3539 0.2708 0.1466 0.0000
 0.0000 0.2708 0.5005 0.6539 0.7078 0.6539 0.5005 0.2708 0.0000
 0.0000 0.3539 0.6539 0.8543 0.9247 0.8543 0.6539 0.3539 0.0000
 0.0000 0.3830 0.7078 0.9247 1.0009 0.9247 0.7078 0.3830 0.0000
 0.0000 0.3539 0.6539 0.8543 0.9247 0.8543 0.6539 0.3539 0.0000
 0.0000 0.2708 0.5005 0.6539 0.7078 0.6539 0.5005 0.2708 0.0000
 0.0000 0.1466 0.2708 0.3539 0.3830 0.3539 0.2708 0.1466 0.0000
 0.0000 0.0000 0.0000 0.0000 0.0000 0.0000 0.0000 0.0000 0.0000

 Iteration: 57
 0.0000 0.0000 0.0000 0.0000 0.0000 0.0000 0.0000 0.0000 0.0000
 0.0000 0.1467 0.2711 0.3542 0.3834 0.3542 0.2711 0.1467 0.0000
 0.0000 0.2711 0.5009 0.6545 0.7084 0.6545 0.5009 0.2711 0.0000
 0.0000 0.3542 0.6545 0.8551 0.9256 0.8551 0.6545 0.3542 0.0000
 0.0000 0.3834 0.7084 0.9256 1.0018 0.9256 0.7084 0.3834 0.0000
 0.0000 0.3542 0.6545 0.8551 0.9256 0.8551 0.6545 0.3542 0.0000
 0.0000 0.2711 0.5009 0.6545 0.7084 0.6545 0.5009 0.2711 0.0000
 0.0000 0.1467 0.2711 0.3542 0.3834 0.3542 0.2711 0.1467 0.0000
 0.0000 0.0000 0.0000 0.0000 0.0000 0.0000 0.0000 0.0000 0.0000

 Iteration: 58
 0.0000 0.0000 0.0000 0.0000 0.0000 0.0000 0.0000 0.0000 0.0000
 0.0000 0.1468 0.2713 0.3545 0.3837 0.3545 0.2713 0.1468 0.0000
 0.0000 0.2713 0.5013 0.6550 0.7090 0.6550 0.5013 0.2713 0.0000
 0.0000 0.3545 0.6550 0.8558 0.9264 0.8558 0.6550 0.3545 0.0000
 0.0000 0.3837 0.7090 0.9264 1.0027 0.9264 0.7090 0.3837 0.0000
 0.0000 0.3545 0.6550 0.8558 0.9264 0.8558 0.6550 0.3545 0.0000
 0.0000 0.2713 0.5013 0.6550 0.7090 0.6550 0.5013 0.2713 0.0000
 0.0000 0.1468 0.2713 0.3545 0.3837 0.3545 0.2713 0.1468 0.0000
 0.0000 0.0000 0.0000 0.0000 0.0000 0.0000 0.0000 0.0000 0.0000

 Iteration: 59
 0.0000 0.0000 0.0000 0.0000 0.0000 0.0000 0.0000 0.0000 0.0000
 0.0000 0.1470 0.2715 0.3548 0.3840 0.3548 0.2715 0.1470 0.0000
 0.0000 0.2715 0.5017 0.6555 0.7096 0.6555 0.5017 0.2715 0.0000
 0.0000 0.3548 0.6555 0.8565 0.9271 0.8565 0.6555 0.3548 0.0000
 0.0000 0.3840 0.7096 0.9271 1.0035 0.9271 0.7096 0.3840 0.0000
 0.0000 0.3548 0.6555 0.8565 0.9271 0.8565 0.6555 0.3548 0.0000
 0.0000 0.2715 0.5017 0.6555 0.7096 0.6555 0.5017 0.2715 0.0000
 0.0000 0.1470 0.2715 0.3548 0.3840 0.3548 0.2715 0.1470 0.0000
 0.0000 0.0000 0.0000 0.0000 0.0000 0.0000 0.0000 0.0000 0.0000

 Iteration: 60
 0.0000 0.0000 0.0000 0.0000 0.0000 0.0000 0.0000 0.0000 0.0000
 0.0000 0.1471 0.2717 0.3550 0.3843 0.3550 0.2717 0.1471 0.0000
 0.0000 0.2717 0.5021 0.6560 0.7101 0.6560 0.5021 0.2717 0.0000
 0.0000 0.3550 0.6560 0.8571 0.9278 0.8571 0.6560 0.3550 0.0000
 0.0000 0.3843 0.7101 0.9278 1.0042 0.9278 0.7101 0.3843 0.0000
 0.0000 0.3550 0.6560 0.8571 0.9278 0.8571 0.6560 0.3550 0.0000
 0.0000 0.2717 0.5021 0.6560 0.7101 0.6560 0.5021 0.2717 0.0000
 0.0000 0.1471 0.2717 0.3550 0.3843 0.3550 0.2717 0.1471 0.0000
 0.0000 0.0000 0.0000 0.0000 0.0000 0.0000 0.0000 0.0000 0.0000

 Iteration: 61
 0.0000 0.0000 0.0000 0.0000 0.0000 0.0000 0.0000 0.0000 0.0000
 0.0000 0.1472 0.2719 0.3553 0.3845 0.3553 0.2719 0.1472 0.0000
 0.0000 0.2719 0.5024 0.6565 0.7105 0.6565 0.5024 0.2719 0.0000
 0.0000 0.3553 0.6565 0.8577 0.9284 0.8577 0.6565 0.3553 0.0000
 0.0000 0.3845 0.7105 0.9284 1.0049 0.9284 0.7105 0.3845 0.0000
 0.0000 0.3553 0.6565 0.8577 0.9284 0.8577 0.6565 0.3553 0.0000
 0.0000 0.2719 0.5024 0.6565 0.7105 0.6565 0.5024 0.2719 0.0000
 0.0000 0.1472 0.2719 0.3553 0.3845 0.3553 0.2719 0.1472 0.0000
 0.0000 0.0000 0.0000 0.0000 0.0000 0.0000 0.0000 0.0000 0.0000

 Iteration: 62
 0.0000 0.0000 0.0000 0.0000 0.0000 0.0000 0.0000 0.0000 0.0000
 0.0000 0.1472 0.2721 0.3555 0.3848 0.3555 0.2721 0.1472 0.0000
 0.0000 0.2721 0.5027 0.6569 0.7110 0.6569 0.5027 0.2721 0.0000
 0.0000 0.3555 0.6569 0.8582 0.9289 0.8582 0.6569 0.3555 0.0000
 0.0000 0.3848 0.7110 0.9289 1.0055 0.9289 0.7110 0.3848 0.0000
 0.0000 0.3555 0.6569 0.8582 0.9289 0.8582 0.6569 0.3555 0.0000
 0.0000 0.2721 0.5027 0.6569 0.7110 0.6569 0.5027 0.2721 0.0000
 0.0000 0.1472 0.2721 0.3555 0.3848 0.3555 0.2721 0.1472 0.0000
 0.0000 0.0000 0.0000 0.0000 0.0000 0.0000 0.0000 0.0000 0.0000

 Iteration: 63
 0.0000 0.0000 0.0000 0.0000 0.0000 0.0000 0.0000 0.0000 0.0000
 0.0000 0.1473 0.2722 0.3557 0.3850 0.3557 0.2722 0.1473 0.0000
 0.0000 0.2722 0.5030 0.6572 0.7114 0.6572 0.5030 0.2722 0.0000
 0.0000 0.3557 0.6572 0.8587 0.9295 0.8587 0.6572 0.3557 0.0000
 0.0000 0.3850 0.7114 0.9295 1.0060 0.9295 0.7114 0.3850 0.0000
 0.0000 0.3557 0.6572 0.8587 0.9295 0.8587 0.6572 0.3557 0.0000
 0.0000 0.2722 0.5030 0.6572 0.7114 0.6572 0.5030 0.2722 0.0000
 0.0000 0.1473 0.2722 0.3557 0.3850 0.3557 0.2722 0.1473 0.0000
 0.0000 0.0000 0.0000 0.0000 0.0000 0.0000 0.0000 0.0000 0.0000

 Iteration: 64
 0.0000 0.0000 0.0000 0.0000 0.0000 0.0000 0.0000 0.0000 0.0000
 0.0000 0.1474 0.2724 0.3559 0.3852 0.3559 0.2724 0.1474 0.0000
 0.0000 0.2724 0.5033 0.6576 0.7118 0.6576 0.5033 0.2724 0.0000
 0.0000 0.3559 0.6576 0.8592 0.9299 0.8592 0.6576 0.3559 0.0000
 0.0000 0.3852 0.7118 0.9299 1.0066 0.9299 0.7118 0.3852 0.0000
 0.0000 0.3559 0.6576 0.8592 0.9299 0.8592 0.6576 0.3559 0.0000
 0.0000 0.2724 0.5033 0.6576 0.7118 0.6576 0.5033 0.2724 0.0000
 0.0000 0.1474 0.2724 0.3559 0.3852 0.3559 0.2724 0.1474 0.0000
 0.0000 0.0000 0.0000 0.0000 0.0000 0.0000 0.0000 0.0000 0.0000

 Iteration: 65
 0.0000 0.0000 0.0000 0.0000 0.0000 0.0000 0.0000 0.0000 0.0000
 0.0000 0.1475 0.2725 0.3560 0.3854 0.3560 0.2725 0.1475 0.0000
 0.0000 0.2725 0.5035 0.6579 0.7121 0.6579 0.5035 0.2725 0.0000
 0.0000 0.3560 0.6579 0.8596 0.9304 0.8596 0.6579 0.3560 0.0000
 0.0000 0.3854 0.7121 0.9304 1.0071 0.9304 0.7121 0.3854 0.0000
 0.0000 0.3560 0.6579 0.8596 0.9304 0.8596 0.6579 0.3560 0.0000
 0.0000 0.2725 0.5035 0.6579 0.7121 0.6579 0.5035 0.2725 0.0000
 0.0000 0.1475 0.2725 0.3560 0.3854 0.3560 0.2725 0.1475 0.0000
 0.0000 0.0000 0.0000 0.0000 0.0000 0.0000 0.0000 0.0000 0.0000

 Iteration: 66
 0.0000 0.0000 0.0000 0.0000 0.0000 0.0000 0.0000 0.0000 0.0000
 0.0000 0.1475 0.2726 0.3562 0.3856 0.3562 0.2726 0.1475 0.0000
 0.0000 0.2726 0.5038 0.6582 0.7124 0.6582 0.5038 0.2726 0.0000
 0.0000 0.3562 0.6582 0.8600 0.9308 0.8600 0.6582 0.3562 0.0000
 0.0000 0.3856 0.7124 0.9308 1.0075 0.9308 0.7124 0.3856 0.0000
 0.0000 0.3562 0.6582 0.8600 0.9308 0.8600 0.6582 0.3562 0.0000
 0.0000 0.2726 0.5038 0.6582 0.7124 0.6582 0.5038 0.2726 0.0000
 0.0000 0.1475 0.2726 0.3562 0.3856 0.3562 0.2726 0.1475 0.0000
 0.0000 0.0000 0.0000 0.0000 0.0000 0.0000 0.0000 0.0000 0.0000

 Iteration: 67
 0.0000 0.0000 0.0000 0.0000 0.0000 0.0000 0.0000 0.0000 0.0000
 0.0000 0.1476 0.2727 0.3564 0.3857 0.3564 0.2727 0.1476 0.0000
 0.0000 0.2727 0.5040 0.6585 0.7127 0.6585 0.5040 0.2727 0.0000
 0.0000 0.3564 0.6585 0.8603 0.9312 0.8603 0.6585 0.3564 0.0000
 0.0000 0.3857 0.7127 0.9312 1.0079 0.9312 0.7127 0.3857 0.0000
 0.0000 0.3564 0.6585 0.8603 0.9312 0.8603 0.6585 0.3564 0.0000
 0.0000 0.2727 0.5040 0.6585 0.7127 0.6585 0.5040 0.2727 0.0000
 0.0000 0.1476 0.2727 0.3564 0.3857 0.3564 0.2727 0.1476 0.0000
 0.0000 0.0000 0.0000 0.0000 0.0000 0.0000 0.0000 0.0000 0.0000

 Iteration: 68
 0.0000 0.0000 0.0000 0.0000 0.0000 0.0000 0.0000 0.0000 0.0000
 0.0000 0.1477 0.2728 0.3565 0.3859 0.3565 0.2728 0.1477 0.0000
 0.0000 0.2728 0.5042 0.6587 0.7130 0.6587 0.5042 0.2728 0.0000
 0.0000 0.3565 0.6587 0.8606 0.9315 0.8606 0.6587 0.3565 0.0000
 0.0000 0.3859 0.7130 0.9315 1.0083 0.9315 0.7130 0.3859 0.0000
